<<<<<<< HEAD
00000000001100000000010000010011
11111111110000000000010010010011
00000000000000010000100100110111
00000000100101000010100110110011
00000000101010011000100110010011
00000001001110010010000000100011
00000000010010010000100100010011
00000000000100000000001010010011
11111111101000000000010000010011
00000000010101000000010000110011
00000000100101000010100110110011
00000001001110010010000000100011
00000000000010011001010001100011
11111111000111111111000011101111
00000000100101000100010001100011
00000000010110011000100110010011
=======
00000000000000000000010010110011
00000000000000000000100100110011
00000000000100000000010010010011
00000001000000000000100100010011
00000001001001001001010010110011
00000000101100000000101010010011
00000001010101001010000000100011
00000000000001001010100100000011
00000000010001001000010010010011
00000000000100000000100110010011
00000001001110010111100100110011
00000001001000000000100001100011
00000000001100000000101000010011
00000001010001001010000000100011
00000000000000000000000001100011
00000000001000000000101000010011
00000001010001001010000000100011
>>>>>>> 02da0e4d2e01231b1d0a234392f1bd0eaad2d1f5
00000000000000000000000001100011